$ANSIBLE_VAULT;1.1;AES256
38373761306662343231383930333136343763366161633166316462326165386331613130353133
6434353838613664346666626662363732613662366233630a353564656464623063386235313734
31636231376136633938393761656137643365353237653166326162303139303338313138613539
3233316330643330360a643965613037326564656638626234323034616234366564383934653236
62346534383132633065363433353731356365656635666466353134653032383165633033626136
36663035303538326664376338303637643833343661333632386663343162626131663430303961
32373439623534663266666133356463383161383833393336313464363031363431386232343030
36386464623461656537353936393434343734636664336536373234303762663664333836666631
38646464323736623830633633653338333266373735643530613735373862653536643662303931
64313631646230323739633561393565316463633964393535626565373736383163386438343639
36366661383837326538313338383939386565346566333236383936336261323166303132643933
34353261363036623037346265316536383336303263306565346464653332656565623933643061
34623530333432333539386238383037613461653730366663323661346238323339663138363034
37363761313562366331343430393931386461613661666432343235336630373335653438656638
30346437383135623164623831633239303432653338633564383763363539323466613164653764
62613736306265393839366565623036636636663233633931323162336139386439656131303864
65393432343639313739656339373937353861356636666366663238376261323232373062653465
38303762313237313539383931346563653565656466356535663537313535303639313831386236
38653134623066616562363033633632646636353635663364353535376135616466663535356531
32623963613932303235633831623632313364623235666436346237396334383138633632353839
30323765343931633733393161336334653266663834666462623034383538646637313932366664
34383234326137373733643566373065633463626162333932623438653435333237616465346231
36626334616435306436393963373163303362633937356134393237343131353261393039316538
65653233633262306562373065343463366265653830643166383431666463396134366566333531
34373665393638383130633834666138356232646562393838386335653237396161653465646261
61373231373533643261346466633066653735303236613264316130616563613761316134353464
63616165666136326263326632643762663264653964346264663437383463366434663931303631
38366664396334623765623832323732393839656466633635643936383264313766386362323536
66386237366364326461613337363733343561353735303666626439373666343566626437376333
38306663663235353762613035633366373966656330373762663466383630376236343464323134
64346136326438393833663462316333373764313933626134336462376230323265616237336436
66386662626136343961316264393330326639313164643564653336616662663739623365656533
36396464663064343062623565663663373635633166373038643630386331613666386163343233
61653732613631396363336235336138663335313339646333326530386164643531636661376463
32313862623135633432623264613731373533373037343831386135626530396130353864646134
35393065383066643366333065656662636561313263363236626233353461373134613938666637
30656136386538323961333636613135653838653738656439313233613037376635643338653837
34623166613661373639663334633566653462616134316663653532363830336161366332643231
33656463343834366331313964623839336639306533376364326439303138303734373532383462
62313531363730393366353837363765383337393162306536633236623363316131623433636433
38313763646636303766386535313462343130386232383835623265326435343839363439353932
66653266343030396239633036356261336530666166653135353333343736616132626166333666
65346263653332623263326336643133303264376333393637656462616363393337333333316134
62663065353536303133313937626231653235396236313533333131376233373137343436626261
31383038663465313434383135376531386164623037396133653130353863633531643263656630
63323462313137363362373034656635323663616561386566316231396438306230376564303032
31636566353261646261613339363831663865626164343862636338336563376261613733666165
34386566363261626435623364623533643133393932326239663364623166653562343066306464
31313431323764343131623832346439613065613631333363366139313331623331636334626665
65343763663363303435363738666364306530353036333161343638356462646165313761326535
61353131326235643534353135393764373830366136376265306232623839636534366366636262
63316130346261326562333839646237643766326532656338366333383266306130613234363662
38643136623231636133343435646339383936376239626535643063623763643338323432653938
61346464376536373163396630626261616333383136333063646336363562346130303763396539
34363065626335633166346465333638616530356261333439303930623539613563636232666130
62653063353331313564626363636531393665636533323039353561393934626537663133636130
31396231323238643238356438633737363664326530373466373335373938663733363036646261
38636137386531353337323464343863316237623332613834383830613031623738663831643763
33343266306564383837613834346563363238313834656639353531306465646232323438303230
38393936386432376564656561666232373264326532373439656633663962613566373933636461
33336230386138396536316539313833363438356136393264303362653638343236303238326531
33333435383038636561346365343337383436323664633166333865306634323061313236353035
36663332363864376538343336613531656465316533373335343536373661646363356661626265
64393438373964383437373861666564633838346666623834646234366335386335373564376561
62643031343339356531356331663036303034636662373733383330346335643066356363613538
37316235313939353436333737353932363337613035643331613361343130646561383664613130
36656332333730383435343530356330343232626434623932333836656439663438383766653866
38313261313230383538323633353134333730336366383333666532353235363937373838343235
31343330323632333337343561653061643666316366383732303733373265346563353934316666
38633262616162333635613063303264313632306434333138333637383635383036353339646334
66646337356234393230393662623030383330663165666561383465346135646362353963333261
32373639633034343363323239373766353039623864633634346431353434303161313536303132
31393239356537363637326530353139626364323761636462623536636564646531613339643534
35653963363037316637383637366534313431343638396363333237373363353937376439376330
61316237343863323936363830306664343965393237373432363232383439363839383636353030
65393132366438393836313966633162386164316439653865333464383833386535336661323831
39633433336233626333353539353261366533363662356339306431303738313566333638633430
61356563616461313166303533633035333766623735326265333734666135613734323233393362
65393661633633323236373337633930313133636234303138383462393262383264643830373161
36386231356164383535366639613335363037613665323030643334303038313132343930356531
34626162653333373132373436373863633465396266373166663332643739663661643262643663
64366236343230343130353536663632623266623363636564306464396334353865316537383966
61623865336636353539346636383061393035316530663131353634393833323363613930323738
34343966623230616236666462396132396534333465656638323333323766343639633034333031
62643433383234376465313166313338386430323134343032343965353937313933626361643939
35623335393930633230633362313961643932373831346638303234313432346533386433333566
35343831613965336330323635636337316465623633346536353837353236303263623735366135
39396133343332313732
